15 15 15 15 15 15 15 15 15 15 15 15 15 15 15 15 15 15 15 15 15 15 15 15 15 15 15 15
15 -1 -1 -1 -1 -1 -1 -1 -1 -1 -1 -1 -1 15 15 -1 -1 -1 -1 -1 -1 -1 -1 -1 -1 -1 -1 15
15 -1 -1 -1 -1 -1 -1 -1 -1 -1 -1 -1 -1 15 15 -1 -1 -1 -1 -1 -1 -1 -1 -1 -1 -1 -1 15
15 -1 -1 1 1 1 1 1 1 -1 -1 -1 -1 15 15 -1 -1 -1 -1 1 1 1 1 1 1 -1 -1 15
15 -1 -1 15 15 15 15 -1 -1 -1 -1 -1 -1 15 15 -1 -1 -1 -1 -1 -1 15 15 15 15 -1 -1 15
15 -1 -1 15 15 15 15 -1 -1 -1 -1 1 1 15 15 1 1 -1 -1 -1 -1 15 15 15 15 -1 -1 15
15 2 -1 15 15 15 15 -1 -1 -1 -1 -1 -1 15 15 -1 -1 -1 -1 -1 -1 15 15 15 15 -1 2 15
15 -1 -1 15 15 15 15 2 2 -1 -1 -1 -1 15 15 -1 -1 -1 -1 2 2 15 15 15 15 -1 -1 15
15 -1 -1 15 15 15 15 15 15 -1 -1 -1 -1 15 15 -1 -1 -1 -1 15 15 15 15 15 15 -1 -1 15
15 -1 2 15 15 15 15 15 15 2 2 2 2 15 15 2 2 2 2 15 15 15 15 15 15 2 -1 15
15 -1 15 15 15 15 15 15 15 15 15 15 15 15 15 15 15 15 15 15 15 15 15 15 15 15 -1 15
15 -1 -1 -1 -1 -1 -1 -1 -1 -1 -1 -1 -1 -1 -1 -1 -1 -1 -1 -1 -1 -1 -1 -1 -1 -1 -1 15
15 -1 -1 -1 -1 -1 -1 -1 -1 -1 -1 -1 -1 -1 -1 -1 -1 -1 -1 -1 -1 -1 -1 -1 -1 -1 -1 15
15 -1 -1 -1 -1 2 2 -1 -1 -1 2 2 -1 -1 2 2 -1 -1 -1 2 2 -1 -1 -1 -1 -1 -1 15
15 0 0 0 0 15 15 0 0 0 15 15 0 0 15 15 0 0 0 15 15 0 0 0 0 0 0 15
15 15 15 15 15 15 15 15 15 15 15 15 15 15 15 15 15 15 15 15 15 15 15 15 15 15 15 15

spawnPurple 9 16
spawnYellow 9 13
time 6
