15 15 15 15 15 15 15 15 15 15 15 15 15 15 15 15 15 15 15 15 15 15 15 15 15 15 15 15
15 15 47 -1 -1 -1 -1 -1 -1 -1 15 15 15 15 15 15 15 15 -1 -1 -1 -1 -1 -1 -1 46 15 15
15 47 -1 -1 -1 -1 -1 -1 -1 -1 15 15 15 15 15 15 15 15 -1 -1 -1 -1 -1 -1 -1 -1 46 15
15 -1 -1 -1 -1 2 2 2 2 2 15 15 15 15 15 15 15 15 2 2 2 2 2 -1 -1 -1 -1 15
15 -1 -1 -1 -1 -1 -1 -1 -1 -1 46 15 15 15 15 15 15 47 -1 -1 -1 -1 -1 -1 -1 -1 -1 15
15 -1 -1 -1 -1 -1 -1 -1 -1 -1 -1 46 15 15 15 15 47 -1 -1 -1 -1 -1 -1 -1 -1 -1 -1 15
15 -1 -1 -1 -1 -1 -1 2 -1 -1 -1 -1 15 15 15 15 -1 -1 -1 -1 2 -1 -1 -1 -1 -1 -1 15
15 2 2 2 2 2 2 15 -1 -1 -1 -1 15 15 15 15 -1 -1 -1 -1 15 2 2 2 2 2 2 15
15 -1 -1 -1 -1 -1 -1 -1 -1 -1 -1 -1 15 15 15 15 -1 -1 -1 -1 -1 -1 -1 -1 -1 -1 -1 15
15 -1 -1 -1 -1 -1 -1 -1 -1 -1 -1 -1 15 15 15 15 -1 -1 -1 -1 -1 -1 -1 -1 -1 -1 -1 15
15 -1 -1 -1 -1 2 -1 -1 -1 -1 -1 -1 15 15 15 15 -1 -1 -1 -1 -1 -1 2 -1 -1 -1 -1 15
15 -1 -1 -1 -1 15 2 2 2 2 2 2 15 15 15 15 2 2 2 2 2 2 15 -1 -1 -1 -1 15
15 -1 -1 -1 -1 -1 -1 -1 -1 -1 -1 -1 -1 -1 -1 -1 -1 -1 -1 -1 -1 -1 -1 -1 -1 -1 -1 15
15 -1 -1 -1 -1 -1 -1 -1 -1 -1 -1 -1 -1 -1 -1 -1 -1 -1 -1 -1 -1 -1 -1 -1 -1 -1 -1 15
15 0 0 0 0 0 0 2 0 0 0 0 0 2 2 0 0 0 0 0 2 0 0 0 0 0 0 15
15 15 15 15 15 15 15 15 15 15 15 15 15 15 15 15 15 15 15 15 15 15 15 15 15 15 15 15

spawnPurple 2 18
spawnYellow 2 9
time 5
