15 15 15 15 15 15 15 15 15 15 15 15 15 15 15 15 15 15 15 15 15 15 15 15 15 15 15 15
15 -1 -1 -1 -1 -1 -1 -1 -1 -1 -1 -1 -1 -1 -1 -1 -1 -1 -1 -1 -1 -1 -1 -1 -1 -1 -1 15
15 -1 -1 -1 -1 -1 -1 -1 -1 -1 -1 -1 -1 -1 -1 -1 -1 -1 -1 -1 -1 -1 -1 -1 -1 -1 -1 15
15 -1 -1 -1 -1 -1 -1 -1 -1 -1 -1 -1 -1 -1 -1 -1 -1 -1 -1 -1 -1 -1 -1 -1 -1 -1 -1 15
15 -1 -1 2 2 -1 -1 2 2 -1 -1 -1 2 2 2 2 -1 -1 2 2 -1 -1 -1 -1 -1 -1 -1 15
15 4 4 15 15 -1 -1 15 15 -1 -1 -1 15 15 15 15 -1 -1 15 15 2 -1 -1 -1 -1 -1 -1 15
15 -1 -1 15 15 -1 -1 15 15 -1 -1 -1 15 15 15 15 -1 -1 15 15 15 2 -1 -1 -1 -1 -1 15
15 -1 -1 15 15 1 1 15 15 1 1 1 15 15 15 15 1 1 15 15 15 15 3 3 3 6 6 15
15 6 6 15 15 -1 -1 -1 -1 -1 -1 -1 -1 15 15 -1 -1 -1 -1 -1 -1 15 -1 -1 -1 -1 -1 15
15 -1 -1 15 15 -1 -1 -1 -1 -1 -1 -1 -1 15 15 -1 -1 -1 -1 -1 -1 15 3 3 3 6 6 15
15 5 5 15 15 -1 -1 -1 -1 2 2 6 6 15 15 6 6 2 2 -1 -1 15 -1 -1 -1 -1 -1 15
15 -1 -1 -1 15 -1 -1 -1 -1 15 15 -1 -1 15 15 -1 -1 15 15 -1 -1 15 6 6 3 3 3 15
15 0 -1 -1 -1 -1 -1 -1 -1 15 15 5 5 15 15 5 5 15 15 -1 -1 15 -1 -1 -1 -1 -1 15
15 15 0 -1 -1 -1 -1 -1 -1 15 15 -1 -1 15 15 -1 -1 15 15 -1 -1 15 2 2 2 6 6 15
15 15 15 0 0 0 0 0 0 15 15 0 0 15 15 0 0 15 15 0 0 0 0 0 0 0 0 15
15 15 15 15 15 15 15 15 15 15 15 15 15 15 15 15 15 15 15 15 15 15 15 15 15 15 15 15

spawnPurple 16 15
spawnYellow 13 15
time 7
